127
-128
100
-45
67
-12
-99
85
23
-76
-32
111
54
-100
118
-127
90
-60
-5
12
38
-64
72
-88
101
-27
126
-126
0
-1
83
-43
-77
115
66
-87
52
-36
-111
32
124
-115
64
-50
75
-90
-24
37
92
-13
28
-59
-118
120
47
-37
16
-7
109
-28
-93
74
12
-38
-127
63
-80
45
22
-112
126
-61
55
-25
78
-100
-49
11
98
-73
87
-33
19
-10
71
-45
122
-9
-65
36
41
-74
-12
48
59
-124
-29
18
53
-31
39
-46
77
-16
-84
121
14
-55
26
-40
-123
73
33
-78
117
-8
-47
42
84
-95
12
-66
125
-127
-23
97
30
-27
106
-63
25
-75
123
-122
93
-6
-39
35
15
-83
61
-19
-52
88
27
-89
76
-2
-41
24
108
-115
56
-30
-11
95
31
-118
50
-18
20
-21
70
-82
49
-32
89
-14
-71
29
62
-101
40
-22
13
-68
21
-3
-107
34
17
-85
60
-26
-48
65
43
-79
116
-54
10
-17
46
-120
-44
57
81
-113
68
-97
35
15
-83
61