-4.284784E-201
-5.857972E-006
3.913481E-122
5.346744E+300
-7.164812E-107
-8.401181E-278
-6.861440E+046
4.351192E+128
-5.681068E-118
-5.502956E+221
-4.916839E+089
-1.398551E+233
1.184228E-105
3.343366E+020
5.345440E+212
1.376247E-072
-7.469719E-188
-8.123721E-090
-2.353527E-203
6.581935E-249
-8.766936E-281
8.676798E+182
-7.428549E+148
7.817836E-234
-4.353535E-206
5.775217E-173
-4.789004E-307
-2.222572E+009
-5.268040E-027
3.490777E+072
8.857908E-155
5.590044E-045
-7.197274E-074
-8.114580E-053
1.701807E+167
-6.971828E-169
-2.907784E+170
8.672932E-306
6.685578E+112
6.467515E-227
-3.587645E+076
-5.274869E+237
3.635948E-296
-8.742238E-279
-4.842661E+303
7.991140E-098
-7.761187E+083
-2.115322E-129
-3.760240E+047
5.658460E-155
3.318195E+116
-7.791567E+104
-5.179759E-266
8.314569E+250
2.745439E-095
-2.537862E-012
2.923043E+131
7.810407E+088
2.140564E-041
5.771868E+278
5.244827E-086
2.631587E+011
4.844811E-027
8.766293E-118
-4.777127E+133
5.281689E+239
6.895974E-089
5.304123E-200
7.783306E+185
-5.100888E+156
3.498008E-283
-4.786724E-124
-8.606501E-100
5.341015E+205
-8.614497E+085
-2.230936E-023
-7.455924E-102
4.113443E+295
-2.309694E-260
-4.461129E-083
7.524998E-125
7.197053E+059
3.978522E+052
-6.480444E+138
5.377530E-003
5.188324E+060
-2.352472E+228
-5.764178E+069
5.710883E+209
1.325604E-179
-1.292668E+094
-3.711917E+287
3.355301E-168
-8.263661E+042
6.741321E-022
2.943583E-046
-2.717864E-197
-8.998218E+209
-2.984369E-199
8.583356E+024
6.655892E-059
8.558111E+132
6.833003E-063
-8.275304E-298
2.218728E-211
-1.932175E-130
2.657584E-157
6.232935E+111
6.963397E+110
4.936452E+290
-8.513557E+109
-8.948168E+181
3.175334E-061
3.894519E+107
6.884809E+182
8.122110E-301
-4.544367E+189
7.794460E+251
7.492182E+016
4.879502E-025
-4.885885E-250
1.386977E+111
5.861702E+013
-8.896252E-252
4.746520E-214
-4.998127E-240
4.877170E+041
-8.592059E+045
7.757376E+117
-2.537130E+242
8.758338E+024
-3.189055E-094
-6.349414E+257
-3.438075E+160
6.153534E+053
6.511574E+193
-7.813962E+246
-1.618364E-119
-2.394202E+049
3.441912E-280
-5.133338E+218
8.331795E+081
-4.759559E+142
6.720537E+206
-5.170590E-229
-7.857427E-183
-1.215733E+254
5.542322E+208
-5.430572E-260
3.416347E-173
-4.342172E+274
7.842933E+199
7.660211E-269
-7.111847E-135
-6.283623E+073
-5.345692E+106
8.419527E-303
-7.212320E+301
-1.498696E-143
4.831986E-242
-1.209756E-283
-4.115147E+269
-4.237884E-231
2.807693E-205
6.730472E-117
5.675427E+118
-6.541283E+180
-5.895099E+175
-8.292577E+061
-3.413990E+141
7.946786E-264
-8.534728E+106
-8.736478E+279
1.790049E-246
4.377721E-295
1.729929E-178
4.967384E-101
2.607576E+213
2.481027E+001
-4.846705E-069
5.658460E-155
3.318195E+116
-7.791567E+104
-5.179759E-266