-86090.73
-249025.6
-130451.1
466415.8
-97065.64
655847.1
103150.3
-623344.8
-987395.5
40310.32
851102.4
-508119.9
21994.43
-515216.2
654633.6
242458.3
-912521.5
-889753.1
355370.1
-589984.3
878205.2
-669464.6
-49143.58
-100286
110993.6
-10493.42
-2970.841
694413.6
274683.3
409392.7
689718.2
560379.8
-632125.6
-946469.5
-97734.11
-768222.5
-901642.8
874662.4
-412823.3
-71893.16
484414.6
-285567.5
-168188.7
-793052.5
588693.5
-413287.4
134137.4
-239337.4
417145
-688344.6
47219.12
828255.8
-903128.4
-393055.6
211720.3
-409106.3
269906.8
-546404.7
410254.1
971703.1
872370.8
-665257.3
-560582.1
-919859.4
-850501.6
109521.6
367800.3
-411692.6
468879.1
-771553.5
-732167.3
-940381.1
-411779.9
360431.8
-703341.4
-670914.4
-524447.4
-794402.8
-748982.3
891655.4
855577.5
-31388.32
736731.6
67275.29
962916.6
581874.6
-497042.8
8789.404
-383747.9
950949.4
790391.6
974064.4
-373424.4
442610.3
20286.78
-491895.3
-369583.6
884193.8
211736.6
311371.4
269906.8
-546404.7
410254.1
971703.1
-748982.3
891655.4
855577.5
-31388.32
736731.6
