2147483647
2134567890
1901234000
-2009876543
-2147483648
1782345678
2109876543
2076543210
-2145678901
-1932109876
-1876543210
2141234567
1998888888
2012345678
2146400000
-2098765432
-2140000000
2147200000
2147483000
-2000000123
-2141234567
1898765432
-2147002000
2132109876
2123456000
1900000000
2056789123
-1823456000
-2147001000
2029999999
2147400000
2087654321
-2002222000
-2147400123
1976543210
-2147200001
-1945678901
2145678000
2112345678
2147483640
-2141234000
1823456789
1765432199
-2011111222
-2147481000
2140000123
-1911111000
1999999999
2141234000
2146400500
-2147000123
-2009876000
1909876543
2071234567
-2147000000
2147481000
-2146666000
-1877777777
2133333999
2103456789
2023456789
-1766666666
-2145678000
2146000000
1934567890
2143333000
-2099999999
-2001111222
1967890123
2147482000
2145555999
-2147300123
-2141234567
2141234321
2147202222
-2147400123
2141234789
-1987654321
1899999999
1822222000
-2012345670
2147480000
2141234500
-1854321000
-2147201111
2147123456
2065432100
-1912345000
-2147001234
1777777777
2009876000
2146000999
-1991111000
1987651234
2143333888
-2147123456
2147000123
-2009999999
-1944444000
2147483100
2011111222
-2140000000
2141234123
1901234567
2130000000
-1887654000
2146401111
-2147200123
1980000000
2145678999
-2147483648
-2147400000
2147400123
2098765432
2147123000
-2147481000
-2001234567
2147001111
1991234567
-1901234567
2141234560
-2133333000
2147300000
-2145678888
2067890123
-2001234000
2146401234
1900000123
2147483647
-2141234567
-2147480000
2147483646
2022222000
-2145678901
2146000123
-2147002000
2147200124
-2098765432
1965432100
2140000000
2147480123
-2002345678
-2147123000
2147002222
1823456001
-1876543000
2146402222
-2141234000
-2000000123
2134444444
2147481234
-2147001111
2054321000
2143333999
-1998765432
2146403333
2147480011
-2145678000
2147202222
-2147400123
2141234789
-1987654321
2146404444
2147482222
-2147483647
-2147200001
2147483111
2141234789
-1987654321
1899999999
1822222000