9223372036854775807
-9223372036854775808
8123456789123456789
-8456789012345678901
7000000000000000001
-7555555555555555555
9222222222222222222
-9111111111111111111
8234567890123456789
-8765432109876543210
9012345678901234567
-8888888888888888888
6543210987654321098
-7000000000000000000
7777777777777777777
-8222222222222222222
8999999999999999999
-8333333333333333333
7888888888888888888
-8444444444444444444
6000000000000000123
-9000000000000000000
9220000000000000000
-9200000000000000000
8120000000000000000
-8999999999999990000
7001234567890123456
-7123456789012345678
8456789012345678901
-8654321098765432109
9111111111111111111
-9221000000000000000
8998887776665554443
-8888777666555444332
7456123456789012345
-7561234567890123456
8223456789012345678
-8334567890123456789
8777777777777777777
-8998889998889998889
6234567890123456789
-6345678901234567890
9010000000000000000
-9110000000000000000
9201234567890123456
-9212345678901234567
8888888888888888888
-8999999999999999999
7555555555555555555
-7666666666666666666
6789012345678901234
-6890123456789012345
8234567000000000000
-8345678000000000000
7777000000000000000
-7888000000000000000
8123987654321098765
-8456012345678901234
9000000000000000123
-9100000000000000123
9223372036000000000
-9223372036800000000
7999999999999999999
-8111111111111111111
8888999999999999999
-8777888888888888888
7000000000123456789
-7123456789123456789
8234567890999999999
-8345678909999999999
8999111222333444555
-8888001122334455666
7456000000000000000
-7567000000000000000
8200000000000000000
-8300000000000000000
9111999999999999999
-9222000000000000000
8765432100000000000
-8876543210000000000
6500000000000000000
-6600000000000000000
8900000000000000000
-9000000000000000000
7999999123456789000
-8123456789000000000
8999991234567890000
-8888812345678900000
7001111111111111111
-7111111111111111111
9223372036854775000
-9223372036854774000
7777888899990000111
-7888999900001111222
8333444455556666777
-8444555566667777888
6000000000999999999
-6111111111000000000
8999888777666555444
-8888777666555444333
7456999999999999999
-7568999999999999999
8222333444555666777
-8333444555666777888
8777777666555444333
-8999999888777666555
6234567890000000000
-8777888888888888888
7000000000123456789
-7123456789123456789
8234567890999999999
-8345678909999999999
7999988887777666555
-8111099998888777666
9223372000000000000
-9223371000000000000