-27048
24625
-17360
17885
-13515
19123
12777
27420
-25646
-16038
2922
-23255
32543
-18489
-31367
-10788
16212
-4708
18656
11827
29744
25235
-10991
-32461
-5851
-2481
22578
-21163
-25213
-24910
32624
-32466
24071
-6308
-18606
28387
-18276
17657
-2067
10471
-18479
27127
-31480
27589
4577
-19035
12258
-3724
30200
-4207
-11317
-1935
28990
15958
-6979
1102
28362
-24407
-5875
-22745
11691
-30514
25456
1955
15146
25330
-3067
26825
-8296
-23461
-10758
11360
12392
-23874
-13962
25205
-15661
28665
-7489
-4379
15391
23871
-18234
-30567
14388
-10312
29339
3079
-29511
-30889
31183
-8328
1262
10491
28883
-11958
2111
-16874
16545
13067
-18933
5865
-5476
-6369
-22577
-17790
15364
-14561
-23374
-13810
24012
-6876
31964
-12712
17195
-20617
25863
13139
-30691
12956
21591
-31219
27113
-10723
24184
18925
-16937
14236
-25417
7083
17556
-23749
-17135
18329
-10192
-29022
-10285
-24094
19916
-32286
-28474
-3209
28185
12325
-16842
-11163
-17191
15200
-14644
12062
17577
-19001
23219
-11617
27348
-8649
-8823
12579
24518
-23063
24729
-28158
27984
30291
32480
15816
23323
-29601
-7111
25389
-22539
31591
11186
-15268
24729
-28158
27984
30291
32480